3.0396
3.0245
3.0500
3.0425
3.0483
3.0342
3.0318
3.0401
3.0374
3.0344
3.0278
3.0288
3.0330
3.0397
3.0446
3.0276
3.0221
3.0092
3.0086
3.0288
3.0325
3.0272
3.0317
3.0265
3.0340
3.0273
3.0285
3.0378
3.0368
3.0318
3.0440
3.0289
3.0310
3.0196
3.0187
3.0042
3.0247
3.0362
3.0381
3.0480
3.0589
3.0567
3.0558
3.0620
3.0540
3.0525
3.0490
3.0466
3.0532
3.0598
3.0395
3.0435
3.0413
3.0449
3.0491
3.0275
3.0222
3.0067
3.0303
3.0431
3.0374
3.0382
3.0654
3.0495
3.0589
3.0495
3.0627
3.0526
3.0451
3.0361
3.0485
3.0473
3.0355
3.0387
3.0418
3.0495
3.0497
3.0441
3.0322
3.0323
3.0426
3.0368
3.0454
3.0503
3.0579
3.0652
3.0700
3.0748
3.0707
3.0702
3.0831
3.0860
3.0900
3.0978
3.1094
3.1280
3.1114
3.1121
3.1377
3.1397
3.1509
3.1378
3.1465
3.1442
3.1285
3.1342
3.1356
3.1470
3.1569
3.1520
3.1680
3.1686
3.1764
3.1834
3.1965
3.2035
3.2112
3.1912
3.1947
3.2354
3.2303
3.2605
3.2508
3.2435
3.2468
3.2522
3.2419
3.2331
3.2490
3.2507
3.2570
3.2430
3.2525
3.2823
3.2776
3.3000
3.2973
3.3172
3.3039
3.3079
3.3343
3.3106
3.3050
3.2776
3.2985
3.3062
3.3095
3.3262
3.2985
3.2964
3.3109
3.2987
3.3275
3.3390
3.3387
3.3288
3.3295
3.3192
3.3592
3.3459
3.3772
3.3776
3.3887
3.3769
3.4084
3.3765
3.3966
3.3860
3.3933
3.3819
3.3706
3.3655
3.3680
3.3827
3.3842
3.3706
3.3546
3.3528
3.3605
3.3519
3.3466
3.3730
3.3728
3.3619
3.3978
3.3688
3.3572
3.3611
3.3639
3.3621
3.3522
3.3928
3.4428
3.4791
3.4767
3.4937
3.5290
3.5270
3.5458
3.5072
3.5725
3.5975
3.6375
3.6482
3.6252
3.6218
3.6252
3.6525
3.6588
3.7174
3.7176
3.7346
3.7358
3.6994
3.7687
3.7601
3.7348
3.7276
3.7418
3.7204
3.6801
3.6886
3.6440
3.6656
3.6395
3.6811
3.7220
3.7094
3.6926
3.6552
3.6665
3.6788
3.6784
3.6631
3.6895
3.6933
3.6948
3.6649
3.6519
3.6980
3.7053
3.7190
3.7485
3.7525
3.7649
3.7890
3.8345
3.9091
3.8928
3.9141
3.9260
3.9034
3.9073
3.8596
3.8645
3.8180
3.7453
3.7355
3.7050
3.7890
3.7685
3.8125
3.7890
3.7524
3.7449
3.7435
3.7135
3.7414
3.7894
3.8088
3.8001
3.7875
3.7746
3.7277
3.7302
3.7275
3.7125
3.7371
3.6895
3.7115
3.6751
3.6396
3.5987
3.6320
3.6205
3.6116
3.5830
3.6095
3.6489
3.6447
3.6300
3.5921
3.5719
3.5550
3.6152
3.6538
3.6605
3.6690
3.7500
3.7898
3.7906
3.7858
3.7671
3.7850
3.7676
3.7108
3.6949
3.7381
3.6975
3.6760
3.6817
3.7094
3.6905
3.6933
3.6873
3.6556
3.6879
3.6799
3.7040
3.7103
3.7305
3.7275
3.7671
3.7645
3.7625
3.7859
3.7726
3.7960
3.8313
3.8225
3.8290
3.7709
3.7543
3.7645
3.7470
3.7694
3.7676
3.7868
3.7875
3.7629
3.7559
3.7654
3.7455
3.7303
3.7471
3.7754
3.7929
3.7705
3.7792
3.8359
3.8385
3.8326
3.8246
3.8087
3.7805
3.7625
3.7557
3.7613
3.7578
3.7718
3.7659
3.7308
3.6971
3.6613
3.6937
3.7450
3.7493
3.7780
3.7503
3.7626
3.7645
3.7952
3.7928
3.7878
3.7634
3.7648
3.7264
3.7124
3.7238
3.7315
3.7129
3.6738
3.7080
3.7438
3.7801
3.7687
3.7818
3.7861
3.7799
3.7754
3.8005
3.8028
3.7730
3.7890
3.7604
3.7543
3.7242
3.7148
3.7199
3.7129
3.6948
3.7243
3.7265
3.7385
3.7627
3.7806
3.8200
3.8645
3.8669
3.8826
3.8974
3.8748
3.8590
3.8678
3.8876
3.8925
3.9075
3.9605
3.9570
3.9434
3.9388
3.9581
3.9775
3.9802
3.9754
3.9706
3.9880
4.0021
4.0215
4.0298
4.0333
4.0304
4.0248
4.0305
4.0400
3.9607
3.9853
3.9877
3.9705
3.9601
3.9718
3.9695
3.9523
3.9644
3.9646
3.9558
3.9200
3.8787
3.8872
3.8695
3.8663
3.8659
3.8801
3.9011
3.9281
4.0073
4.0085
3.9963
4.0085
4.0170
4.0068
3.9990
4.0411
4.1133
4.0917
4.0877
4.1303
4.1031
4.1346
4.1475
4.1144
4.0872
4.0723
4.0638
4.0333
4.0325
3.9492
3.9420
3.9525
3.9771
3.9383
3.9219
3.9074
3.9220
3.9404
3.9431
3.9416
3.9531
3.9391
3.9671
3.9803
3.9705
3.9545
3.9935
3.9924
3.9861
3.9805
3.9545
3.9515
3.9333
3.9395
3.9320
3.8903
3.8470
3.8649
3.8749
3.8037
3.7882
3.7838
3.8005
3.8010
3.8240
3.8174
3.8037
3.7495
3.7590
3.7193
3.7254
3.7337
3.7510
3.7414
3.7701
3.7587
3.7490
3.7771
3.8174
3.8176
3.8010
3.7925
3.7842
3.7981
3.8399
3.8962
3.8935
3.8793
3.8695
3.8738
3.8195
3.8300
3.8475
3.8732
3.8730
3.8853
3.8855
3.8811
3.8775
3.8625
3.8508
3.9005
3.9161
3.9358
3.9513
3.9789
3.9684
3.9393
3.9470
3.9369
3.9350
3.9204
3.9384
3.8602
3.8298
3.8150
3.8126
3.8545
3.8943
3.9483
3.9351
3.9469
3.9412
3.8724
3.8741
3.8945
3.8593
3.9994
4.0263
4.0030
3.9905
3.9803
3.9548
3.9886
3.9963
4.0225
4.0036
4.0001
4.0060
3.9807
3.9809
3.9681
3.9598
3.9853
3.9582
3.9790
3.9685
3.9504
3.9697
3.9682
3.9739
3.9389
3.9364
3.9040
3.8820
3.8516
3.8588
3.8542
3.8706
3.8482
3.8250
3.8297
3.8219
3.7929
3.8075
3.7826
3.7905
3.8090
3.8061
3.8174
3.8190
3.8328
3.8789
3.8858
3.9082
3.9116
3.9164
3.8937
3.8869
3.8515
3.8255
3.8385
3.8668
3.8734
3.8716
3.8587
3.8497
3.8586
3.8438
3.8601
3.8128
3.8328
3.8324
3.8227
3.8264
3.8354
3.8558
3.8252
3.8472
3.8307
3.8405
3.8505
3.8307
3.8487
3.8851
3.9164
3.8965
3.9265
3.9148
3.9285
3.9359
3.9800
3.9690
3.9543
3.9517
3.9760
3.9696
3.9488
3.8954
3.8965
3.8862
3.9132
3.9169
3.9305
3.9856
4.0805
4.0837
4.1380
4.1375
4.1968
4.1748
4.1507
4.1588
4.1880
4.1628
4.1521
4.1827
4.1721
4.1987
4.2150
4.2213
4.1825
4.1268
4.1107
4.1772
4.2090
4.1905
4.1768
4.2329
4.2296
4.2255
4.2493
4.2484
4.2222
4.2199
4.2120
4.2260
4.2161
4.1793
4.2106
4.2271
4.2037
4.1667
4.1592
4.1270
4.1465
4.1103
4.1084
4.1354
4.0989
4.0870
4.1014
4.1005
4.0760
4.0708
4.0585
4.0590
4.0595
4.0472
4.0446
4.0071
3.9835
4.0014
3.9892
4.0280
4.0521
4.0332
4.0435
4.0496
4.0525
4.0752
4.0567
4.0693
4.0692
4.0942
4.0899
4.0840
4.0681
4.0745
4.0770
4.0756
4.0765
4.0955
4.0663
4.0803
4.0818
4.0864
4.0761
4.0747
4.0697
4.0646
4.0300
3.9917
3.9821
3.9502
3.9731
3.9687
3.9481
3.9259
3.9169
3.9265
3.9402
3.9455
3.9664
3.9890
3.9783
3.9792
3.9755
3.9956
4.0009
4.0026
3.9886
3.9911
3.9800
3.9571
3.9588
3.9841
3.9060
3.8873
3.8757
3.8776
3.8696
3.8675
3.8630
3.8490
3.8391
3.8741
3.8777
3.8744
3.8837
3.8463
3.7932
3.7808
3.7926
3.7735
3.7526
3.7354
3.7535
3.7177
3.7248
3.7371
3.7471
3.7354
3.7262
3.7323
3.7066
3.7250
3.7241
3.7400
3.7465
3.7350
3.7379
3.7497
3.7749
3.7615
3.7862
3.8090
3.8002
3.7824
3.7653
3.7442
3.7249
3.7122
3.7062
3.7196
3.7372
3.7471
3.7351
3.7068
3.7160
3.7235
3.7034
3.7133
3.6986
3.6767
3.6469
3.6486
3.6604
3.6320
3.6395
3.6519
3.6661
3.6366
3.6406
3.6264
3.5991
3.5863
3.5918
3.5702
3.5995
3.6027
3.6342
3.6432
3.6449
3.6278
3.6435
3.6258
3.6459
3.6408
3.6334
3.6274
3.6329
3.6112
3.5736
3.5372
3.5678
3.5822
3.5693
3.5718
3.5642
3.5538
3.5511
3.5239
3.5293
3.5552
3.5627
3.5984
3.5863
3.5881
3.5821
3.5619
3.5975
3.5651
3.5866
3.6234
3.6650
3.6682
3.6519
3.6726
3.6737
3.6597
3.6502
3.6799
3.6743
3.6468
3.6219
3.6000
3.6010
3.6004
3.5964
3.6006
3.5896
3.5966
3.6061
3.6031
3.6006
3.5939
3.6568
3.6430
3.6529
3.6366
3.6408
3.6585
3.6652
3.6595
3.6466
3.6274
3.6382
3.6126
3.5886
3.5958
3.5965
3.5909
3.6060
3.5881
3.5557
3.5486
3.5276
3.5382
3.5385
3.5543
3.5352
3.5499
3.5454
3.5653
3.5722
3.5808
3.5633
3.5708
3.5880
3.5716
3.5786
3.5740
3.5583
3.5459
3.5369
3.5393
3.5253
3.5046
3.4813
3.4546
3.4616
3.4472
3.4488
3.4735
3.4992
3.4999
3.4950
3.4366
3.4010
3.4190
3.4109
3.4108
3.3994
3.4036
3.4084
3.3750
3.3376
3.3299
3.3375
3.3442
3.3318
3.3346
3.3329
3.3375
3.3498
3.3677
3.4119
3.4263
3.4122
3.3916
3.3769
3.3259
3.3173
3.3411
3.3597
3.3697
3.4009
3.3911
3.3799
3.3816
3.4188
3.4356